table_pagination <- list(c(10, 15,20,25,50,100 -1), c('10','15','20','25','50','100', 'Tous'))

table_page_length <- list(c(1, 15,20,25,50,100 -1), c('10','15','20','25','50','100', 'Tous'))

period <- list("2020Q1" = "2020Q1", "2020Q2" = "2020Q2", "2020Q3" = "2020Q3","2020Q4" = "2020Q4",
               "2021Q1" = "2021Q1", "2021Q2" = "2021Q2", "2021Q3" = "2021Q3","2021Q4" = "2021Q4")

periodicity <- list("TRIMESTRIELLE" = "TRIMESTRE", "SEMESTRIELLE" = "SEMESTRE", "ANNUELLE" = "ANNUEL")

mechanism <- "JVafaPfopJf"

indicateurs <- list("Indicateur" = "valeur", "TX_NEW" = "TX_NEW", "TX_CURR" = "TX_CURR", "TX_PVLS" = "TX_PVLS")

DENOMINATEUR = "VjOaeFMOtM9" #TB_STAT

DENOm_CC = "RC81T34a4lE" #TB_STAT

CONNU_NEGATIF <- "ZzGFiKXorv3" #TB_STAT

PP_PREV <- "lkDqXuxu6rR"

BASE.URL <- "http://localhost:8080/api/me"